baresfgj
ravi

Variable I not found!
8
5
8
2
6
7
7
7
2
5
8
6
9
7
4
8
4
7
6
6
4
1
5
10
7
10
10
6
9
1
3
4
6
9
5
8
10
3
7
10
3
5
10
2
3
7
4
9
2
1
4
10
7
4
10
8
10
9
5
7
7
2
9
1
2
5
1
10
3
6
8
2
1
7
4
10
1
3
7
1
7
2
4
8
7
4
7
2
9
8
9
2
8
10
4
2
6
9
1
9
6
4
6
7
3
3
9
1
1
1
7
7
2
5
10
5
9
1
5
8
8
10
1
6
7
6
4
1
4
3
5
3
3
8
5
3
6
8
6
5
6
7
1
9
2
2
1
4
1
9
3
5
4
3
1
7
3
1
10
7
10
9
7
9
6
4
5
5
10
7
9
1
6
1
3
2
9
3
4
6
6
10
1
6
10
10
9
1
7
9
1
6
8
9
6
8
10
3
3
8
8
6
39
35
98
21
86
37
100
95
80
3
67
38
8
93
81
15
95
61
46
42
76
16
65
32
31
76
52
55
16
65
96
59
87
2
59
68
54
71
13
52
2
73
2
2
89
41
77
58
90
85
27
67
35
29
83
24
71
66
91
11
85
46
80
16
7
8
51
6
35
14
61
24
49
94
40
3
14
63
44
90
99
94
66
31
38
30
24
58
20
36
98
88
81
2
68
57
94
87
96
81
91
72
24
76
24
3
18
42
90
81
11
8
23
1
13
91
81
49
78
77
85
93
86
99
17
74
44
48
26
84
9
27
68
63
100
27
71
90
8
36
13
83
69
40
25
90
66
80
90
77
77
46
10
19
97
98
87
25
59
51
59
71
16
6
72
84
40
60
1
86
21
91
41
43
65
2
25
46
75
28
9
65
58
50
8
63
18
50
66
3
41
46
32
58
77
42
67
63
68
41
50
6
79
5
56
86
5
68
54
95
73
41
51
32
43
95
13
67
99
10
67
91
95
99
46
75
60
84
66
24
36
62
79
34
78
3
86
54
94
22
58
51
96
72
30
100
96
100
16
82
29
1
64
59
75
59
12
81
60
82
27
22
2
31
60
12
63
17
55
40
10
60
73
78
52
17
96
23
69
46
80
60
69
85
95
36
98
20
60
19
92
5
94
13
95
36
49
65
13
19
38
79
46
